Baseline Model: Linear Regression
RMSE: 484.75324787823786
MAE: 319.86500037128576
MAPE: 0.3284557549906379